target,75.3
ms,arc,deg,pvL,pvR,sp,state
10,0.0,0.0,0,0,2.9,0
20,0.0,0.0,0,0,6.0,0
30,0.0,0.0,0,0,9.0,0
40,0.0,0.0,0,0,12.0,0
50,0.0,0.0,0,0,15.0,0
60,0.0,0.0,0,0,18.0,0
70,0.0,0.0,0,0,20.9,0
80,0.0,0.0,0,0,23.9,0
90,0.0,0.0,0,0,26.9,0
100,0.0,0.0,0,0,29.9,0
110,0.0,0.0,0,0,32.9,0
120,0.0,0.0,0,0,35.9,0
130,0.0,0.0,0,0,38.9,0
140,0.0,0.0,0,0,41.9,0
150,0.0,0.0,0,0,44.9,0
160,0.0,0.0,0,0,47.9,0
170,0.0,0.0,0,0,50.9,0
180,0.0,0.0,0,0,53.9,0
190,0.0,0.0,0,0,56.9,0
200,0.0,0.0,0,0,59.9,0
210,0.0,0.0,0,0,62.9,0
220,0.0,0.0,0,0,65.9,0
230,0.0,0.0,0,0,68.9,0
240,0.0,0.0,0,0,71.9,0
250,0.0,0.0,0,0,75.0,0
260,0.0,0.0,0,0,78.0,0
270,0.0,0.0,0,0,81.0,0
280,0.0,0.0,0,0,84.0,0
290,0.0,0.0,0,0,87.0,0
300,0.0,0.0,0,0,90.0,0
310,0.3,0.4,0,35,93.0,0
320,0.3,0.4,0,35,96.0,0
330,0.3,0.4,0,0,99.0,0
340,0.3,0.4,0,0,102.0,0
350,0.3,0.4,0,0,105.0,0
360,0.3,0.4,0,0,108.0,0
370,0.3,0.4,0,0,111.0,0
380,0.3,0.4,0,0,114.0,0
390,0.7,0.8,-35,0,117.0,0
400,0.7,0.8,-35,0,120.0,0
410,1.0,1.2,-35,0,123.0,0
420,1.4,1.6,-70,0,126.0,0
430,1.7,2.0,-35,35,129.0,0
440,2.4,2.9,-35,70,132.0,0
450,2.4,2.9,-35,35,135.0,0
460,3.1,3.7,-35,35,138.0,0
470,3.8,4.5,-70,70,141.0,0
480,4.9,5.8,-105,70,144.0,0
490,5.6,6.6,-105,70,147.0,0
500,6.6,7.9,-70,105,150.0,0
510,7.7,9.1,-105,105,150.0,0
520,8.4,10.0,-105,70,150.0,0
530,9.1,10.8,-70,70,150.0,0
540,9.8,11.6,-70,70,150.0,0
550,10.5,12.5,-70,70,150.0,0
560,11.5,13.7,-70,105,150.0,0
570,12.2,14.6,-70,105,150.0,0
580,13.6,16.2,-105,105,150.0,0
590,14.7,17.5,-140,105,150.0,0
600,15.4,18.3,-105,70,150.0,0
610,16.4,19.6,-70,105,150.0,0
620,17.5,20.8,-105,105,150.0,0
630,18.2,21.7,-105,70,150.0,0
640,19.2,22.9,-70,105,150.0,0
650,19.9,23.8,-70,105,150.0,0
660,21.3,25.4,-105,105,150.0,0
670,22.4,26.7,-140,105,150.0,0
680,23.8,28.4,-140,105,150.0,0
690,24.8,29.6,-105,140,150.0,0
700,26.2,31.3,-105,140,150.0,0
710,27.3,32.5,-140,105,150.0,0
720,28.0,33.4,-105,70,150.0,0
730,29.4,35.0,-105,105,150.0,0
740,30.8,36.7,-140,140,150.0,0
750,31.5,37.6,-105,105,150.0,0
760,32.9,39.2,-105,105,150.0,0
770,34.3,40.9,-140,140,150.0,0
780,35.3,42.2,-140,105,150.0,0
790,36.0,43.0,-70,105,150.0,0
800,37.4,44.7,-70,140,150.0,0
810,38.8,46.3,-140,140,148.0,0
820,39.9,47.6,-140,105,145.9,0
830,41.3,49.3,-140,105,143.0,0
840,42.3,50.5,-105,140,140.8,0
850,43.4,51.8,-105,105,138.5,0
860,44.8,53.4,-140,105,135.4,0
870,45.8,54.7,-105,140,133.1,0
880,47.2,56.4,-105,140,129.9,0
890,47.9,57.2,-105,105,128.3,0
900,49.0,58.4,-105,70,125.8,0
910,50.0,59.7,-105,105,123.3,0
920,51.4,61.4,-105,140,119.8,0
930,52.1,62.2,-140,70,118.0,0
940,52.8,63.0,-70,70,116.2,0
950,53.5,63.9,-35,105,114.4,0
960,54.6,65.1,-70,105,111.6,0
970,55.6,66.4,-105,105,108.8,0
980,57.0,68.1,-140,105,104.9,0
990,57.7,68.9,-105,105,102.8,0
1000,58.8,70.1,-70,105,99.7,0
1010,59.5,71.0,-70,105,97.6,0
1020,60.5,72.2,-105,70,94.3,0
1030,61.2,73.1,-105,70,92.1,0
1040,62.3,74.3,-70,105,88.6,0
1050,63.0,75.2,-70,105,86.2,0
1060,64.0,76.4,-105,70,82.4,0
1070,64.4,76.8,-105,35,81.2,0
1080,65.4,78.1,-70,70,77.2,0
1090,66.1,78.9,-70,105,74.4,0
1100,66.8,79.8,-70,70,71.5,0
1110,67.5,80.6,-70,70,68.5,0
1120,68.2,81.4,-70,70,65.4,0
1130,69.3,82.7,-105,70,60.4,0
1140,69.3,82.7,-70,35,60.4,0
1150,69.6,83.1,0,35,58.6,0
1160,70.7,84.4,-35,105,53.0,0
1170,71.4,85.2,-70,105,48.9,0
1180,71.7,85.6,-70,35,46.7,0
1190,72.1,86.0,-70,0,44.4,0
1200,72.4,86.4,-35,35,42.0,0
1210,72.8,86.9,0,70,39.4,0
1220,73.5,87.7,-35,70,33.6,0
1230,73.8,88.1,-70,35,30.3,0
1240,73.8,88.1,-35,0,30.3,0
1250,74.5,88.9,-35,35,22.4,0
1260,74.5,88.9,-35,35,22.4,0
1270,74.5,88.9,0,0,22.4,0
1280,74.9,89.4,0,35,17.1,0
1290,75.2,89.8,0,70,9.1,0
1300,75.6,90.2,-35,35,0.0,1
1310,75.6,90.2,-35,0,0.0,1
1320,75.6,90.2,0,0,0.0,1
1330,75.6,90.2,0,0,0.0,1
1340,75.6,90.2,0,0,0.0,1
1350,75.6,90.2,0,0,0.0,1
1360,75.6,90.2,0,0,0.0,1
1370,75.6,90.2,0,0,0.0,1
1380,75.6,90.2,0,0,0.0,1
1390,75.6,90.2,0,0,0.0,1
1400,75.6,90.2,0,0,0.0,1
1410,75.6,90.2,0,0,0.0,1
1420,75.6,90.2,0,0,0.0,1
1430,75.6,90.2,0,0,0.0,1
1440,75.6,90.2,0,0,0.0,1
1450,75.6,90.2,0,0,0.0,1
1460,75.6,90.2,0,0,0.0,1
1470,75.6,90.2,0,0,0.0,1
1480,75.6,90.2,0,0,0.0,1
1490,75.6,90.2,0,0,0.0,1
1500,75.6,90.2,0,0,0.0,1
1510,75.6,90.2,0,0,0.0,1
1520,75.6,90.2,0,0,0.0,1
1530,75.6,90.2,0,0,0.0,1
1540,75.6,90.2,0,0,0.0,1
1550,75.6,90.2,0,0,0.0,1
1560,75.6,90.2,0,0,0.0,1
1570,75.6,90.2,0,0,0.0,1
1580,75.6,90.2,0,0,0.0,1
1590,75.6,90.2,0,0,0.0,1
1600,75.6,90.2,0,0,0.0,1
1610,75.6,90.2,0,0,0.0,1
1620,75.6,90.2,0,0,0.0,1
1630,75.6,90.2,0,0,0.0,1
1640,75.6,90.2,0,0,0.0,1
1650,75.6,90.2,0,0,0.0,1
1660,75.6,90.2,0,0,0.0,1
1670,75.6,90.2,0,0,0.0,1
1680,75.6,90.2,0,0,0.0,1
1690,75.6,90.2,0,0,0.0,1
1700,75.6,90.2,0,0,0.0,1
1710,75.6,90.2,0,0,0.0,1
1720,75.6,90.2,0,0,0.0,1
1730,75.6,90.2,0,0,0.0,1
1740,75.6,90.2,0,0,0.0,1
1750,75.6,90.2,0,0,0.0,1
1760,75.6,90.2,0,0,0.0,1
1770,75.6,90.2,0,0,0.0,1
1780,75.6,90.2,0,0,0.0,1
1790,75.6,90.2,0,0,0.0,1
1800,75.6,90.2,0,0,0.0,2

